image: map_save.pgm
resolution: 0.050000
origin: [-11.266768, -11.098630, 0.000000]
negate: 0
occupied_thresh: 0.65
free_thresh: 0.196

